0,1
1,2
2,3
3,4
4,5
6,7
7,8
8,9
9,10
10,11
11,12
13,14
15,16
16,17
17,18
18,19
19,20
20,21
21,22
22,23
24,25
25,26
26,19
19,27
27,28
29,30
30,31
31,32
32,33
33,34
34,35
35,36
36,37
37,38
38,39
40,41
41,42
42,43
43,44
44,45
46,47
47,48
49,50
50,51
51,52
52,9
53,54
54,55
55,56
56,57
58,59
59,60
60,61
61,62
62,63
64,65
65,66
66,67
67,68
68,69
69,70
71,72
72,73
73,74
74,75
75,76
76,77
77,78
78,79
79,80
80,81
81,82
83,84
84,85
85,86
83,87
87,88
88,89
89,90
90,91
92,93
93,94
94,95
95,96
96,97
98,99
99,100
100,101
101,102
103,104
104,105
105,106
106,107
107,108
109,110
110,111
111,112
112,113
113,114
115,116
117,118
118,119
119,120
120,121
121,122
122,123
123,124
124,125
125,126
127,128
128,129
130,131
131,132
132,133
133,134
134,135
136,137
137,138
138,139
139,140
140,141
141,142
142,143
50,144
144,127
127,145
145,146
146,147
148,149
149,150
150,151
151,152
152,153
153,154
154,155
155,156
157,158
158,159
159,160
160,161
161,162
162,163
164,165
165,166
166,167
167,168
168,169
170,171
171,172
172,173
173,174
174,175
175,176
176,177
178,179
179,1
1,180
181,182
182,183
183,184
184,185
186,187
187,188
188,189
189,28
190,191
191,192
192,193
194,195
195,196
24,197
197,198
198,199
199,200
201,34
34,202
202,203
203,204
204,205
205,206
206,207
207,208
208,209
209,210
211,212
212,67
213,214
214,215
215,216
216,217
217,218
218,219
219,220
221,222
222,223
223,224
224,225
225,217
217,226
226,227
227,142
228,182
182,229
229,230
230,231
231,232
233,234
234,235
236,237
237,19
19,238
238,239
239,219
219,240
240,241
242,243
243,244
245,246
246,247
247,248
248,249
249,250
250,251
252,253
253,99
99,254
255,256
256,257
257,258
258,259
259,260
260,261
261,262
262,263
264,265
265,266
266,267
268,269
269,167
167,270
270,271
271,272
71,273
274,275
275,276
277,278
278,219
219,279
280,281
281,282
282,283
283,284
284,285
285,286
287,288
288,289
289,290
291,292
292,293
294,295
296,297
297,298
298,299
299,300
301,302
302,104
104,303
303,304
304,305
305,306
307,308
309,310
310,311
311,312
312,313
314,315
315,316
316,317
317,318
318,319
319,320
320,321
322,298
150,323
323,324
324,325
325,326
326,327
327,220
220,328
328,329
330,331
331,332
332,43
333,334
334,335
335,315
315,336
336,337
337,338
338,339
339,340
340,341
342,252
252,21
21,343
343,344
345,106
106,336
336,346
346,347
348,74
74,349
349,350
350,351
351,352
352,353
353,354
74,355
355,356
356,357
358,214
214,359
359,360
361,362
362,363
363,134
134,320
364,265
265,365
365,366
367,368
368,10
10,369
66,370
370,371
371,372
372,373
373,374
259,61
61,375
375,376
377,65
65,181
181,183
183,378
378,379
379,184
184,185
380,294
294,381
381,382
382,383
383,384
384,385
385,386
387,388
388,389
390,391
391,392
392,393
393,394
287,395
395,396
396,397
397,398
398,399
400,401
401,402
402,403
403,404
404,405
405,406
406,407
407,408
408,409
409,410
410,411
412,247
247,413
413,414
414,56
56,415
415,416
416,417
150,418
418,419
420,421
421,422
423,150
150,424
424,425
425,192
192,426
426,427
428,429
429,430
430,431
431,432
83,433
433,84
84,85
85,86
434,435
435,436
436,323
323,437
437,438
438,439
439,440
440,321
441,407
442,443
443,444
444,445
445,446
446,447
447,448
448,449
449,220
220,450
451,452
452,453
453,454
454,455
455,456
456,457
458,459
459,460
460,461
461,462
463,150
150,464
464,465
465,466
466,467
467,468
468,469
469,470
471,472
472,473
474,53
53,475
475,476
476,477
477,478
478,479
479,480
480,481
481,482
451,483
484,226
226,485
486,487
487,488
488,489
489,490
370,491
491,492
492,493
494,32
32,495
495,421
421,496
496,217
217,497
497,498
498,499
500,501
501,502
502,503
503,504
504,505
505,506
506,184
184,507
508,509
509,510
510,511
511,289
289,455
455,426
426,512
513,514
514,515
515,516
516,517
517,518
518,519
520,521
521,522
522,523
523,524
524,525
526,527
527,528
528,529
529,530
530,205
205,531
531,369
369,532
532,533
533,386
534,535
535,536
13,537
537,538
538,539
539,239
239,540
540,321
541,542
542,429
429,543
543,162
544,545
545,546
546,547
547,2
548,549
549,550
550,414
414,551
551,416
416,227
227,328
328,552
553,554
554,555
555,556
556,557
558,559
559,560
560,561
561,562
562,327
563,371
371,564
564,565
565,566
566,567
567,568
568,569
24,570
570,199
199,571
571,572
572,573
574,575
575,576
576,577
577,578
578,579
579,580
580,581
581,582
582,70
583,584
584,585
585,209
209,586
548,587
587,361
361,588
588,589
589,590
590,591
66,592
592,593
593,38
38,594
346,595
595,596
596,102
137,597
597,41
41,17
17,598
598,599
600,53
53,601
601,349
349,113
113,602
602,135
135,603
604,190
190,66
66,605
605,161
606,288
607,608
608,609
609,514
514,610
610,611
611,612
612,143
613,357
614,615
615,616
616,88
88,617
617,5
5,102
513,514
514,515
515,516
49,618
618,537
537,619
619,620
620,543
543,490
490,621
622,623
623,425
425,624
624,625
626,627
627,628
628,629
629,630
630,631
631,632
633,634
634,587
587,635
635,418
418,636
637,638
638,639
639,640
640,577
577,641
641,642
643,644
644,645
645,267
267,300
300,646
646,647
647,648
648,649
649,650
550,328
328,651
651,652
652,653
316,654
654,194
194,503
503,36
36,572
572,321
34,26
26,655
655,656
656,657
657,658
318,659
659,660
660,661
544,537
537,662
662,575
575,663
663,664
664,97
665,412
412,666
666,667
667,523
523,668
668,366
669,670
670,671
672,673
673,674
674,242
242,675
675,373
373,676
677,678
678,679
679,680
680,681
681,682
683,132
132,392
392,684
684,685
685,686
686,675
675,687
687,688
688,689
690,691
691,692
692,693
694,695
695,386
696,697
697,274
274,698
698,699
700,701
701,702
702,4
4,703
703,533
533,704
705,706
706,707
707,708
709,710
710,711
711,712
712,713
713,446
446,714
714,715
715,716
716,717
718,719
719,720
720,721
722,558
558,723
723,724
724,725
725,726
727,728
728,729
729,297
297,730
730,731
731,732
732,69
733,734
734,735
735,429
429,97
109,103
103,736
736,737
737,738
738,739
739,740
740,741
643,724
724,742
742,743
744,745
745,226
746,747
747,224
224,36
36,748
748,293
293,325
325,749
749,750
751,752
752,753
753,754
754,755
755,276
29,756
756,757
757,758
758,759
759,760
760,761
761,762
763,172
172,764
764,765
765,406
406,766
766,767
767,532
532,768
768,769
770,7
771,772
772,773
773,564
564,774
775,776
776,777
777,778
137,779
779,465
465,780
780,781
781,344
782,221
221,734
734,783
783,360
360,703
703,784
785,786
786,304
304,223
186,787
787,335
335,252
252,788
788,789
789,790
791,792
792,686
793,608
608,747
747,794
794,118
118,609
609,795
795,439
796,797
797,798
798,799
799,800
800,571
571,801
801,802
130,131
131,132
132,133
133,134
134,135
803,804
804,805
805,729
729,806
806,217
217,631
631,205
205,70
807,808
808,809
809,810
810,802
802,811
811,286
583,812
812,813
813,681
681,206
206,327
418,453
453,814
814,815
815,816
817,553
553,554
554,555
555,818
818,108
108,819
819,321
820,536
536,821
268,822
822,619
619,823
823,162
758,824
824,825
825,826
826,827
537,828
828,829
829,830
830,831
832,833
833,834
834,3
3,835
835,120
268,836
836,837
837,838
838,839
839,840
841,98
98,483
483,842
842,843
843,715
715,844
844,845
392,846
846,847
847,219
219,369
369,848
833,849
849,850
851,852
852,853
853,854
854,855
855,856
856,857
314,858
858,859
859,860
860,861
861,862
862,552
256,804
804,863
863,311
311,445
445,864
864,865
865,394
394,143
143,866
866,867
868,869
869,870
870,228
228,871
871,872
872,873
793,608
608,874
874,875
876,389
389,877
878,364
364,844
844,879
879,880
812,182
182,881
881,882
882,883
884,885
885,886
886,887
887,888
302,889
889,890
890,891
891,465
465,806
806,808
808,892
893,537
537,894
894,895
895,896
896,394
634,897
897,566
566,898
899,900
900,901
901,340
570,902
902,903
903,904
178,905
905,863
863,906
906,907
907,908
908,909
92,22
22,845
845,910
307,911
911,630
630,912
912,123
123,913
914,915
915,916
916,917
917,918
919,305
587,920
920,921
921,922
922,923
923,924
924,749
749,856
856,925
925,926
926,366
927,928
928,929
929,930
930,931
932,35
35,933
934,935
935,936
936,937
937,938
939,940
940,941
941,942
942,943
943,944
944,945
945,946
946,126
947,948
948,949
949,950
950,951
914,952
952,269
269,953
953,252
252,954
954,240
955,146
146,956
956,957
957,653
958,66
66,959
960,961
961,962
962,963
963,964
964,965
191,966
966,967
968,349
349,969
969,970
83,860
860,276
276,971
971,533
972,973
973,688
688,552
552,743
974,975
975,976
976,295
295,977
978,979
979,980
980,981
981,299
299,982
983,984
984,71
71,985
985,779
779,425
425,278
278,506
911,986
986,47
987,953
953,988
988,989
989,990
515,678
678,319
319,991
643,949
949,169
169,992
992,993
697,994
994,763
763,705
705,995
995,996
996,997
997,998
998,699
999,1000
1000,1001
1001,581
1002,747
747,1003
1003,1004
1004,192
192,1005
1005,1006
1006,399
399,81
81,1007
345,93
93,1008
1008,1009
1009,5
5,91
1010,363
363,1011
1011,1012
1013,281
281,1014
1014,1015
535,221
1016,1017
1017,1018
1018,1019
1019,1020
1021,1022
1022,1023
1023,1024
1024,1025
1025,114
114,1026
1026,1027
1027,1028
187,316
316,1029
1029,515
515,1030
1031,716
583,517
517,1032
1032,1033
1033,1034
1034,708
1035,1036
1036,368
368,1037
1038,1039
1039,1040
1040,505
505,1041
71,34
34,1042
1042,1043
349,428
428,560
560,1044
1044,1045
296,734
734,1046
1046,1047
1047,1048
1049,223
223,1050
691,418
418,1051
1051,1052
1052,447
447,1053
1053,352
352,1054
1054,1055
1056,1057
1057,678
678,802
336,812
812,1058
1058,1059
1059,901
901,790
790,383
383,1060
1060,1061
1062,615
615,1063
1063,1064
1064,397
397,5
1065,1066
1066,1067
1067,1068
1068,341
341,777
735,1069
1069,617
617,230
230,1070
1070,1071
672,1072
1072,221
221,1073
463,1074
1074,1075
1075,1076
1077,1078
1078,1079
1079,1080
1081,390
390,1082
1082,1083
1083,1084
1084,1085
1085,1086
1086,1087
1087,1088
1088,325
325,594
118,1089
1089,1090
1090,381
381,1091
1092,1093
1093,718
718,1094
1094,1095
1095,404
527,805
805,1029
1029,1096
1096,840
29,1097
1097,1098
1099,1100
1100,1101
1101,1102
1102,643
643,1103
1103,666
666,1104
1104,1054
1054,1105
1105,1106
1107,483
483,311
311,1108
1108,252
252,1109
1109,1110
1111,382
382,1112
1113,1114
1114,458
458,1115
1115,360
360,1116
1116,1117
1117,1118
1118,1119
559,560
560,561
561,897
897,562
562,366
1120,1121
1121,1122
555,1123
1123,1124
1124,1125
1125,639
639,597
597,1126
1126,1127
1127,1128
1129,1130
1130,1131
1132,1133
1134,1135
1135,1136
1136,1137
1137,378
378,379
379,1138
1139,1140
1140,152
152,1141
1142,1143
1143,1144
1145,752
752,1146
1146,1147
1147,1148
1148,542
542,1149
1149,1150
1150,381
381,1151
213,930
930,100
100,642
642,1152
451,890
890,269
269,1153
1153,153
78,1154
1154,1155
1155,1156
1156,102
102,1157
1158,72
72,1159
1159,1160
1160,1161
1161,399
1162,1163
1163,1164
1164,1165
1165,425
425,1166
1166,1167
1168,443
443,1169
1169,1170
1170,1171
1171,1172
1172,539
539,1173
1173,1174
1174,591
1175,881
881,114
114,1176
1176,141
141,147
147,1118
307,1177
1177,1178
1178,1179
1179,1074
1074,1180
1180,1181
1181,1182
1182,153
153,1183
1183,1184
1184,1185
1186,1187
1187,1188
1188,226
226,1189
1189,1190
0,1191
1191,422
13,294
294,863
863,1192
1192,202
202,1193
1193,1194
1194,1195
1196,1197
1197,1198
1198,837
837,370
370,1199
1199,1200
1200,1201
1201,1202
1202,1203
1204,1013
1013,1205
1205,1206
1206,1207
1207,1208
1208,1209
1209,605
639,1210
1210,1211
1211,1212
1212,1213
361,1079
1079,1214
1214,1215
1215,1216
1216,589
589,1118
1118,651
486,1217
1217,1097
1097,1024
752,747
747,1218
1218,1219
1219,1220
1220,192
192,1007
1221,1222
1222,226
226,518
518,1223
1223,485
947,1224
1224,1225
1225,1226
1226,393
393,373
373,231
231,101
544,1227
1227,1228
1228,1229
1229,775
775,81
81,1173
1173,1230
1231,836
836,1232
1232,323
323,312
312,120
120,485
900,1200
1200,1233
1233,1234
433,1235
1235,1056
1056,452
452,1057
1057,1236
1236,1047
1047,678
678,1237
1237,1238
968,349
349,970
970,826
0,1239
1239,1240
1240,181
181,182
182,183
183,374
374,184
184,185
451,1241
1241,1067
1067,666
666,18
18,1242
1243,89
89,1233
1233,352
352,1244
1244,1055
1245,509
509,1246
1246,760
760,1247
1247,1248
1248,800
800,1249
1249,1250
1250,1251
1251,47
1252,307
307,995
995,1253
1253,1254
1255,996
996,108
108,1256
1256,990
990,1257
1258,1051
1051,35
35,1259
1260,520
520,71
71,237
237,1261
1262,1263
1263,1068
1068,1264
1264,1265
841,1266
1266,1267
1267,1083
1083,1268
1268,1269
1269,35
35,1270
1270,332
1271,1272
1272,153
153,114
114,1273
1273,374
374,1274
1275,113
113,153
153,1276
1276,1277
1277,1278
1278,1279
1279,417
1280,438
438,63
63,1281
1282,1283
1283,1284
1284,1285
553,1286
1286,1287
1287,1288
170,1289
1289,1290
1290,825
825,1291
1291,944
944,1292
13,609
609,14
14,539
1293,1294
1294,316
316,805
805,1295
1295,1296
1296,1297
1204,1239
1239,690
690,1298
1298,1299
542,1192
1192,1300
1300,1301
1301,48
451,1302
1302,453
453,223
223,1303
1303,454
454,457
1304,929
929,152
1305,1306
1306,237
237,919
919,1307
1307,1308
1308,971
971,1202
553,1309
1309,1310
391,392
392,393
736,1311
1311,322
322,426
1312,1313
1313,404
404,1314
1314,1315
1315,457
40,1316
1316,198
198,1317
1318,15
15,340
340,1319
1319,1320
201,150
150,728
728,932
932,1321
1321,398
398,1322
1322,1323
106,459
459,917
917,739
739,176
176,368
368,1019
1019,456
456,1028
615,1324
1324,1325
1325,1326
1326,1327
1327,1328
1328,945
945,1329
1330,1331
1331,1332
13,1333
1333,574
574,1334
1334,172
172,1335
1335,339
339,693
1336,1182
1182,1337
178,905
905,863
863,906
906,907
907,908
908,909
587,922
922,1025
1025,749
749,1338
1338,366
672,221
723,1087
1087,1339
1339,694
694,907
1340,576
576,316
316,1341
1342,1343
1343,598
598,1344
1344,140
140,449
449,1345
1346,336
336,1182
1182,251
251,1347
1347,417
417,450
1016,429
429,461
461,102
1348,1349
1349,674
674,1350
1350,1351
1352,455
455,394
394,1353
1354,1355
1355,929
929,934
934,849
849,1356
1356,298
298,397
397,1357
1358,728
728,1359
1359,1360
1360,1361
1361,320
1305,471
471,940
940,472
472,266
266,523
523,839
839,1362
1362,1363
1364,1365
1365,134
134,1366
1366,1257
1367,1368
1368,1369
1369,1243
1243,1326
1326,231
231,945
1145,1370
1370,895
895,1236
1236,1371
1372,1373
1373,1374
1374,5
5,525
1375,1376
1376,537
537,463
463,237
237,1377
1377,192
1378,170
170,1379
1379,429
429,152
152,2
2,1380
1380,1381
1135,1382
1382,1030
1030,389
389,1383
1383,1384
1385,242
242,1386
1386,1387
1387,993
1388,451
451,153
1389,1390
1390,1391
709,619
619,1273
1273,1028
1392,595
1393,1394
1394,50
50,1395
1395,1396
1396,445
445,1243
1243,1397
1397,1156
1398,542
542,788
788,1399
1399,432
1400,1074
1401,1402
1402,1403
1403,1404
1404,966
966,1405
1406,1407
1407,1408
1408,1409
1409,1353
1353,120
120,352
486,1410
1410,1411
1411,823
823,1412
1412,1413
1413,1414
1083,1415
1415,687
687,1416
1416,1417
345,1349
1349,1418
1418,1419
1419,1420
1420,1421
1421,1370
1370,1422
1423,1424
1424,1425
1425,730
730,1426
1426,1427
13,1428
1428,1429
1429,1430
1430,1431
1431,357
633,1432
1432,358
358,1433
1433,1434
1434,85
85,1039
1039,572
572,231
231,1435
1436,1437
1437,657
657,1438
1438,892
24,1439
1439,836
836,1440
1440,1441
1441,19
19,28
28,552
1442,1443
1443,1444
1445,1446
1446,146
146,1447
1447,1448
213,311
311,1449
1449,930
930,1450
1450,100
100,642
642,1152
1451,342
342,942
942,1452
1452,18
18,1453
508,512
1454,1455
1455,1456
1456,1000
1000,1006
1006,568
568,1457
1218,1149
1149,1458
1458,556
556,1435
1459,1263
1263,1023
1023,1359
1163,1460
1460,1461
1461,729
729,338
338,339
339,1167
796,797
797,798
798,799
799,800
1462,1463
1463,1464
1464,1019
1019,230
230,910
910,1465
1258,905
905,1051
1051,35
35,134
134,1466
1466,1467
1467,1259
1468,1469
1469,1470
1470,1471
1471,1108
1108,1472
1472,1473
1473,768
1474,1475
1475,1471
1471,107
107,1476
1476,1477
1477,1478
1478,1479
1479,439
1111,1480
1480,1410
1410,718
718,395
395,1481
1481,1482
1482,739
739,382
382,1483
1483,882
882,1112
1112,809
1484,806
806,11
11,1485
1485,946
946,47
803,1486
1486,259
259,341
341,490
1487,1488
1488,1489
1489,1490
1490,1059
1059,1491
537,1306
1306,1492
1492,1493
1494,484
484,1282
1282,1369
1369,1425
1425,729
729,996
996,1495
1495,1496
111,1497
1497,1498
1498,1499
1499,1500
597,598
598,599
599,1501
1502,1503
1503,1504
1504,216
216,1505
1505,1506
1506,193
26,454
454,1507
1507,147
147,1508
1508,209
1509,614
614,1379
1379,1510
807,808
808,809
809,810
810,802
802,811
811,286
1511,510
510,729
729,1512
1512,1513
1513,1361
1361,1514
1515,52
52,620
620,1516
1516,1409
118,1410
1410,1411
1411,823
823,964
964,1517
1517,1518
1518,455
455,1414
1414,147
147,1519
1520,1521
1521,1522
1522,1523
1523,649
649,1524
1524,650
1474,1393
1393,1132
1132,637
637,1525
1525,1526
1526,1389
1389,978
978,1527
1527,1528
1528,688
688,1133
29,79
79,1529
1529,455
455,1283
170,171
171,172
172,173
173,932
932,174
174,1530
1530,1531
1531,175
175,1532
1532,176
176,177
177,238
1533,1534
1534,1535
1535,205
1536,1537
1537,1538
1538,1539
1539,14
14,10
10,1540
245,246
246,247
247,248
248,249
249,250
250,251
1418,1422
1541,973
973,17
17,466
466,957
957,1542
934,935
935,936
936,937
937,775
775,479
479,1399
1204,1543
1543,1544
1544,660
660,1545
1545,125
86,382
382,749
749,1546
1546,1547
1547,1548
1548,1190
13,609
609,14
14,539
539,1549
339,992
960,962
962,1550
1550,964
964,965
965,1551
1552,1553
1553,1554
1554,718
718,37
37,357
357,1555
54,1074
1074,886
886,292
292,337
337,1414
1414,802
1556,1557
1557,1340
1340,479
479,1558
667,1559
1559,1560
1560,1499
1499,1561
1561,699
699,603
709,1562
1562,57
57,1106
345,1333
1333,1082
1082,1563
1563,973
973,273
273,1564
1564,1247
1247,1565
1565,1566
1566,1567
1567,766
1568,1569
1569,227
227,1570
1570,1098
1062,615
615,666
666,1063
1063,1571
1571,1064
1064,397
397,320
320,5
5,271
1572,753
753,1573
1573,1574
1574,1575
851,852
852,853
853,854
854,855
855,856
856,857
486,1439
1439,1576
1576,381
381,1577
1577,1578
1579,129
129,1580
1580,1581
1581,1582
1583,1584
1584,1054
1054,809
934,1585
1585,1586
1586,926
1548,1190
983,71
71,506
178,863
863,674
674,529
529,944
944,205
205,231
1587,103
103,104
104,105
105,106
106,107
107,108
108,447
447,1055
1588,1589
1589,669
669,172
172,1590
1497,842
842,194
194,2
2,1591
1591,1285
1592,1124
1124,1103
1103,674
674,1593
1593,921
921,539
539,1594
1111,1394
1394,1396
1396,445
445,1243
1243,1397
1402,616
616,1059
1059,717
1595,1596
1596,1597
1597,624
624,1598
1598,1599
345,93
93,1008
1008,1009
1009,5
5,91
113,1306
1306,1373
1373,1505
1505,694
1600,1601
1601,1602
1602,1477
1477,1603
1603,1604
752,1605
1605,1606
1606,745
745,1607
1607,1335
1335,1608
1608,1412
1412,971
971,1609
1609,903
903,1610
1610,1611
1611,1612
1612,1613
537,538
538,239
239,540
763,151
151,152
152,1614
1614,1006
1006,153
153,1615
1615,344
136,201
201,1616
1616,711
711,1617
1617,381
381,1618
1618,819
819,1619
1543,1497
852,1620
1620,395
395,1621
1621,357
357,1622
1622,1623
1624,1625
1625,1626
1626,1627
1627,1208
93,1628
1628,1629
1629,1630
1631,104
104,1632
1632,849
849,674
674,459
459,1353
1353,1633
1634,1635
1635,1636
1636,916
916,579
579,1637
1637,909
909,45
1099,151
151,56
56,415
415,1591
1591,1549
1134,878
878,1638
1638,364
364,1137
1137,1317
1317,844
844,590
590,879
879,880
202,1450
1450,421
421,1639
1639,1640
348,609
609,1641
486,423
423,428
428,1616
1616,341
341,1319
1319,431
1003,1642
1642,1519
256,1643
1643,226
226,605
605,1644
1644,741
542,1645
1645,1646
1646,1647
1459,1648
1648,842
842,824
824,825
825,826
826,1649
1650,1651
1651,1652
1652,1653
1653,18
18,802
782,221
221,734
734,522
522,783
783,360
360,703
703,784
377,615
615,972
972,643
643,1654
1654,1655
736,1656
1656,726
726,1657
1657,1658
1658,1659
1659,1660
1069,55
55,90
1661,1662
1662,152
152,1548
718,1663
1663,191
191,875
875,1664
1664,1665
1665,826
836,1666
1666,1104
1104,1307
1307,1273
1273,1519
1519,1667
1311,1434
1434,492
492,1668
1669,452
452,1670
1670,1671
1671,344
1672,1014
1014,1045
1045,1673
1673,1674
949,729
729,922
922,1675
1675,1676
1676,926
926,1677
746,1678
1678,1679
1679,1680
1680,23
23,1498
1681,356
356,1682
1682,1683
1683,850
850,1684
1684,1685
1685,1686
1686,800
800,1687
1687,1671
1671,485
485,1688
333,709
709,1689
1689,1521
1690,1682
1682,1335
1335,1691
1691,950
950,1692
1692,1693
1693,162
162,219
219,1694
1694,642
1092,1349
1349,1695
1695,1696
1696,1604
1604,1697
1697,1698
665,483
483,247
247,1699
1699,1700
1700,454
454,1152
287,1701
1701,483
483,1702
1702,1703
1703,1704
1705,729
729,229
229,714
714,1706
1707,614
614,1410
1410,108
108,1708
1708,1709
1709,810
92,1710
1710,1711
136,1712
1712,16
16,1628
1628,1574
1099,1100
1100,1102
1102,643
643,666
666,421
421,1105
838,370
370,1713
1713,1714
1714,1715
1715,1037
1716,1717
1717,341
330,1718
1718,331
331,332
332,43
1470,1168
1168,1705
1705,1719
1719,1720
1720,881
881,383
383,431
431,1721
1721,1722
1723,1724
1724,1725
1725,1726
1727,1728
1728,1729
1729,1730
1730,1731
1732,1418
1418,1733
1733,1734
1734,1422
1422,1735
1735,566
566,407
407,1345
1345,1736
1737,418
418,514
514,1738
1738,226
226,1739
1739,1740
1740,1741
1742,1743
1743,1744
1744,1313
1313,1028
1745,454
454,590
358,214
214,359
359,360
74,948
948,1074
1074,1746
1746,1747
1747,806
806,965
1748,1749
1749,597
597,1750
1750,577
577,1751
1751,1752
1752,1018
1018,126
126,185
662,606
606,941
941,900
900,455
455,1753
1753,1754
1634,1755
1755,1636
1636,1756
1756,1637
1637,909
909,45
1757,1758
1758,710
710,1759
1759,808
808,195
195,1760
1760,1761
782,559
559,1295
1295,1150
1150,357
357,341
341,1609
1609,1762
109,894
894,1648
1648,1763
1763,1764
1293,1765
1765,1256
1256,1766
1766,926
1767,1768
1768,1769
1769,777
777,57
57,1770
1770,1771
1771,651
1065,1772
1772,667
667,1773
1773,1774
1774,1775
1775,1776
1777,1170
1170,1778
1779,401
401,1369
1369,1780
1780,536
536,1781
1537,701
701,838
838,852
852,790
1782,1783
1783,22
1583,1008
1008,1784
1784,1139
1139,882
882,168
168,1785
1785,1786
1537,1787
1787,538
538,1788
1788,1412
1412,1789
1789,1790
1790,642
559,1704
1704,1633
1633,1791
1792,1793
1793,501
501,350
350,1522
1522,1794
1794,11
11,1775
1775,1357
1357,462
462,938
938,1362
739,1200
1200,1795
1410,1411
1411,823
823,21
21,1414
1472,21
21,389
389,767
767,768
768,1764
1764,1796
1796,1797
1798,1799
1799,1800
1800,1801
520,1802
1802,1512
1512,631
631,1540
1540,96
852,152
152,1446
1446,1214
1214,1603
1603,536
536,1261
1261,1803
1803,1804
1804,185
1805,1750
1750,1544
1544,1229
1229,1247
1247,1806
1806,1807
1807,369
960,418
418,1808
1808,514
514,1307
1307,1738
1738,1809
1809,1810
1305,1187
1187,1216
1589,172
172,1590
1590,877
349,1811
527,1378
1378,1812
1812,1813
1813,1814
1814,1815
1815,1398
1398,1024
1024,1137
1137,1729
1729,1816
662,637
637,106
106,1817
1817,739
739,2
2,1818
1818,647
647,1801
1801,1819
1820,727
727,728
728,906
906,226
226,69
216,1821
1821,1244
607,714
714,1797
576,1822
1822,1823
1823,1824
1824,1450
1450,1039
1039,1825
1825,552
1666,1826
1826,919
919,1216
1216,1827
1827,1514
106,869
869,1817
1817,2
2,1801
24,1163
1163,174
174,1063
1063,230
230,1828
1146,1525
1525,681
1081,1829
1829,438
438,1391
1391,1830
1830,1831
1831,1832
1833,127
127,1834
1834,145
145,146
146,147
147,532
1835,1453
1453,1836
1836,1837
1837,766
766,321
488,1838
1838,1839
1839,943
1840,1841
1841,1842
1842,718
718,996
996,1
1,1843
1843,1844
1844,715
438,450
1845,615
615,361
361,542
542,174
174,242
242,1603
1603,568
568,1363
607,620
620,1846
1846,78
78,1408
1408,332
332,1847
187,1848
1848,919
919,1849
1849,1409
1850,1851
1851,1852
1852,1391
1391,1853
85,1854
1854,694
694,1855
50,315
315,1773
1773,1856
1856,1857
1857,321
451,683
683,11
11,819
979,37
1089,1090
1090,381
381,1091
1858,1859
1197,283
283,1860
1860,285
285,286
554,1861
1861,318
318,1858
1858,102
1364,608
608,453
453,1862
1862,1666
1666,515
515,724
724,1674
1674,1863
1863,605
605,1257
1257,306
306,1864
757,294
294,1149
1149,426
426,1865
1865,1329
1866,370
370,203
203,1867
756,1445
1445,1146
1146,1868
1868,1423
1423,1869
1869,1870
1871,921
921,68
1162,1872
1872,1164
1164,1873
1873,1165
1165,1874
1874,350
350,1166
526,527
527,1875
1875,19
19,21
21,531
531,369
369,532
532,386
544,1099
1099,545
545,1003
1003,1218
1218,685
685,546
546,547
547,1068
1068,2
2,1548
1876,1877
1877,1878
1878,1339
1339,997
997,293
293,1879
1879,1880
520,747
747,762
762,1881
1881,231
231,1882
1882,676
676,552
1013,1883
1883,358
358,1538
1538,1884
1884,1885
1885,1886
1886,1887
1887,1888
1888,1118
484,729
729,996
996,809
809,1496
1889,941
941,1890
458,170
170,1891
1891,934
934,1892
1892,1827
1827,1893
1305,575
575,669
669,1862
1862,718
255,1221
1221,1894
1894,1769
1769,1895
1895,321
706,1896
1896,278
278,1897
1897,1898
1898,1899
1900,620
620,1901
1901,1886
1886,1902
103,1903
1903,1904
1904,1278
1278,888
894,1905
1905,1906
1906,821
821,1907
1907,769
1845,1908
1908,868
868,1909
1909,1844
1844,1910
1910,1911
1911,582
582,91
1004,1912
1912,168
168,1913
583,1914
1914,1915
1915,814
814,919
919,1916
1916,1327
1327,945
178,1917
1917,953
953,1247
544,71
71,1918
1918,902
902,330
330,514
514,1352
1352,1413
1413,373
373,1919
1919,1174
1471,465
465,1884
1884,1920
1920,1764
1764,28
1765,1921
1921,1922
1922,1923
1923,1704
1704,1794
1794,1924
1925,543
543,1207
1207,1926
1926,1927
1927,325
325,1928
1928,1929
1929,91
91,649
649,651
1930,1670
1670,1373
1373,617
395,883
1601,1931
1931,1265
1265,1932
1932,1933
92,1934
1934,1418
1418,1564
1564,1935
1935,1422
1936,1937
213,1938
1938,1939
1939,1940
1940,1695
1695,1670
1670,1941
1941,1209
1209,992
992,1319
1942,443
443,1282
1282,1680
1680,1943
1943,1133
1672,314
314,1300
1300,1944
1944,1018
1324,1326
1326,399
399,1328
1328,945
1945,1946
1946,720
720,1292
50,14
14,267
267,1704
893,934
934,51
51,282
282,223
223,1844
1844,1947
1947,1948
1948,1781
1781,777
1289,434
434,77
77,298
298,351
351,352
352,1949
1950,1951
1951,1952
1952,922
922,312
312,1953
1917,1954
1954,127
127,1955
1955,481
779,1389
1389,1956
1081,402
402,1957
1957,1926
1926,183
183,227
546,1958
1958,1959
1959,1960
1960,1961
1961,1962
67,1382
1382,1963
1963,1726
309,947
947,948
948,310
310,949
949,950
950,313
313,951
24,556
556,1422
1422,421
421,1964
1964,1760
1965,1966
333,334
334,1312
1312,358
358,244
244,1967
1967,9
9,1968
1968,1969
1969,1274
669,842
842,1890
1890,1970
1971,667
667,923
923,403
403,231
231,1972
1081,757
757,294
294,1149
1149,1926
1926,426
426,183
183,227
227,1865
1454,1973
1973,1974
1974,1975
1975,1976
1976,1977
1978,1979
1979,273
273,1980
1980,1981
1981,1982
1982,809
809,1983
1984,616
616,35
35,1985
1305,828
828,1291
1533,1099
1099,1719
1719,316
316,813
813,1528
1528,404
404,1800
32,274
274,87
87,292
292,1986
1986,399
399,1499
1499,567
567,1987
1917,1971
1971,1787
1787,875
875,1988
1988,1989
1989,1640
1640,1990
1990,533
533,1131
1891,1991
1991,940
940,1992
1992,266
0,1410
1410,559
559,1306
1306,687
687,776
1595,728
728,666
666,1993
1993,1994
1994,1995
1995,596
1996,1997
1997,3
3,1998
1998,1671
1999,706
706,2000
577,942
942,223
53,788
788,1237
2001,2002
2002,1087
1087,1604
1604,389
389,1055
544,1228
1228,1229
1229,2003
2003,1482
1482,81
81,865
865,431
431,2004
2004,1230
1113,93
93,1294
1294,2005
2005,41
41,2006
2006,802
802,926
2007,2008
2008,1505
1505,694
694,1466
1466,2009
1177,1205
1205,1934
1934,1178
1178,1179
1179,1074
1074,1180
1180,1181
1181,2010
2010,2011
2011,1182
1182,153
153,1183
1183,1764
1872,2012
2012,999
999,2013
2013,356
356,2014
2014,1187
1187,396
396,1577
1577,1353
1353,57
57,2015
2015,2016
1522,2017
2018,2019
2019,742
742,533
1705,729
729,229
229,714
714,1706
1204,1239
1239,690
690,1497
1497,2020
2020,2021
2021,1444
150,324
324,325
325,328
2022,611
611,2023
2023,332
199,571
571,967
1177,1178
1178,1179
1179,1074
1074,1180
1180,1181
1181,1182
1182,153
153,1183
157,2024
2024,1339
1339,986
986,2025
2025,2026
1584,2027
2027,691
691,2028
380,294
294,381
381,382
382,2029
2029,383
383,384
384,385
385,386
2030,1177
1177,1074
1074,1636
1636,2031
2031,37
37,603
1662,2032
2032,871
157,927
927,192
192,1989
1989,2033
2033,1796
1873,230
230,480
480,977
2034,307
307,818
818,2035
2035,2009
186,187
187,188
188,189
189,28
1583,1072
1072,2036
2036,263
897,2037
2037,2038
2038,2039
2039,2040
2040,1131
1877,1224
1224,937
937,1225
1225,1878
1878,2041
2041,2042
2042,231
2043,104
104,133
133,1115
1115,940
940,2044
2044,2045
2046,1564
1564,2047
2047,2048
2048,2049
2049,725
725,1994
1994,160
160,2050
2050,2051
770,342
342,942
942,1452
1452,1500
1500,2052
500,538
538,1300
1300,2053
2053,28
1971,667
667,923
923,403
403,231
231,1972
345,1017
1017,1433
1433,483
483,2054
2054,2055
2055,455
455,2056
2056,2057
2057,410
584,1001
1001,2058
2058,1785
2059,2060
2060,190
190,2061
2061,370
370,396
396,2062
2062,2063
2063,2064
2064,1754
1754,992
992,1507
1507,2065
2065,1801
1801,439
752,2066
2066,2067
2067,98
98,316
316,2068
2068,2069
2069,1265
187,752
752,1219
1219,1220
1220,940
940,266
266,79
79,883
1745,2070
508,1025
1025,2063
2063,162
162,2071
1111,1394
1394,1396
1396,445
445,1243
1243,1397
1957,1142
1142,1143
1143,1144
2072,149
149,755
755,2073
2073,155
155,2074
114,1105
148,2075
2075,2076
2076,1660
65,151
151,1472
1472,2077
2077,62
62,2075
2075,3
3,687
687,2078
136,466
1260,444
444,447
447,448
448,230
230,2079
994,202
202,177
177,2080
2080,384
384,2081
2081,2082
2082,1880
1805,458
458,233
233,2083
2083,2084
2084,98
98,1147
1147,119
119,2085
2085,1936
1936,1886
1886,590
590,1574
1003,1701
1701,2086
2086,1555
311,1449
1449,1450
752,500
500,538
538,1800
1800,286
2087,729
729,2088
2088,439
439,1465
78,1154
1154,1155
1155,1156
1156,102
102,1157
307,2089
2089,802
1951,645
645,77
77,855
855,857
857,1764
2090,1016
1016,363
363,429
429,1023
1023,2091
2091,461
934,593
593,1817
1817,146
1099,779
779,2092
2092,1777
1777,685
685,1389
1389,1068
1068,1956
1956,826
826,1771
104,1811
1811,2093
2093,317
317,2094
2094,2042
2042,1708
1708,2095
158,2096
2096,77
77,2073
2073,230
32,214
214,2097
345,435
435,2098
2098,2099
2099,2100
2100,2101
2101,2102
949,2103
2103,7
7,1599
1599,2104
2104,2105
1502,2106
2106,23
23,505
505,449
449,2107
2107,1362
2108,696
696,718
718,2109
2109,706
706,146
146,2110
556,381
381,2111
2111,2112
2112,2113
2114,1669
1669,2115
2115,2116
1805,634
634,118
118,2117
2117,430
430,2118
2118,226
616,2119
2119,2120
2120,971
971,2121
2121,1519
1757,710
710,1759
1759,808
808,1447
987,444
444,1817
1817,447
447,448
448,449
449,2107
2107,1771
252,1310
1310,1671
1671,1762
537,266
266,825
825,278
278,2122
2123,2124
2124,2125
2125,2126
2126,1133
1133,231
231,1771
2059,333
333,869
869,1434
1434,2127
2127,2128
2128,2129
2129,2130
2130,496
496,312
312,1806
1806,877
458,2013
2013,173
173,2131
2131,1325
1325,1696
1696,2099
2099,357
357,648
648,2132
1014,51
51,336
336,84
84,2133
2133,1585
1585,1586
1779,178
178,500
500,1044
1044,2134
2134,2135
333,334
334,1312
1312,358
358,9
9,1968
579,421
421,1261
2136,2054
2054,133
133,2137
2137,2025
989,2138
2138,220
220,2139
1372,537
537,2124
2124,1306
1306,2140
2140,1492
1492,319
319,1493
2141,2142
2142,1802
1802,565
565,1855
1855,2143
166,1
1,2144
2144,2145
2145,2146
1705,2147
2147,317
317,318
318,319
319,320
320,343
345,1349
1349,133
133,1419
1419,1420
1420,1421
1421,979
979,1370
1370,766
1950,1951
1951,1952
1952,922
922,312
312,1953
2148,346
2149,190
190,897
897,248
248,2150
2150,2151
2151,1323
1430,2152
2152,2153
2153,481
481,781
1938,804
804,1777
1777,2154
2154,1665
1665,1320
1260,109
109,256
256,805
805,1544
1544,729
729,1352
1352,2155
2155,2156
1921,2157
2157,374
374,680
680,2158
2158,1907
2159,1268
1268,1590
1590,23
23,2160
333,472
472,2161
2161,88
88,2162
2114,1669
1669,1200
1200,2116
2116,1549
307,335
335,293
293,1071
1071,2163
16,1640
414,416
2164,2165
2165,67
67,924
0,150
150,1568
1568,76
76,686
686,748
748,455
455,2033
2033,732
2166,1474
1474,1355
1355,609
609,1862
1862,674
674,2167
2167,2168
2168,1435
1312,1313
1313,404
404,1314
1314,1315
1315,457
526,527
527,1218
1218,1530
1530,1143
1143,531
531,369
369,532
532,386
608,2169
2169,1398
1398,1267
1267,996
996,2170
2170,2171
2171,2172
2172,36
36,312
312,2173
2173,384
384,1764
1764,2174
2175,1204
1204,2176
2176,1471
1471,529
529,1869
178,1767
1767,2177
2177,881
881,1044
1044,1559
1559,1890
1890,1671
1671,883
349,51
51,1554
1554,577
577,2035
2035,85
85,1248
1248,2178
2178,2179
2179,2180
1218,356
356,850
850,1685
1685,515
515,1030
486,110
110,487
487,488
488,2027
2027,842
842,489
489,490
490,2181
2182,1343
1343,436
436,2183
2183,2184
111,1497
1497,85
85,2185
2185,1498
1498,1499
1499,1500
607,2186
2186,620
620,1846
1846,78
78,1408
1408,2187
2187,332
332,1847
1847,2188
277,2189
2189,2190
2190,269
269,10
245,1099
1099,638
638,1759
1759,2191
2191,2192
2192,321
2193,186
186,928
928,1224
1224,1782
1782,436
436,2194
2194,860
860,2195
2195,1974
1974,2196
2196,2197
520,1346
1346,136
136,1802
1802,1663
1663,631
631,143
2198,337
337,2047
2047,80
80,1254
1254,1261
2199,2200
2200,727
727,2201
2201,14
1544,2202
2202,125
458,459
459,1214
1214,460
460,461
461,688
688,462
2203,2204
2204,2205
2205,421
252,253
253,99
99,254
851,1393
1393,1563
1563,718
718,1857
1857,2206
2206,765
765,1397
1397,161
161,651
1295,317
317,1713
1354,71
71,929
929,34
34,1042
1042,588
588,1861
1861,2023
2023,1357
1357,1043
1043,47
212,2207
2207,2208
2208,1310
1310,2209
2209,2210
2210,2211
1601,1305
1305,575
575,669
669,773
773,1862
1862,718
718,864
864,1869
1869,2212
2212,352
352,123
123,2213
1147,1149
1149,1150
1150,1151
1650,1651
1651,1652
1652,1653
1653,18
18,802
345,2214
2214,634
634,538
538,1473
2215,1395
1395,1719
1719,812
812,780
2216,2067
2067,585
585,2217
2217,897
897,912
912,2218
2218,802
1705,1008
1008,1719
1719,33
33,2219
2219,2220
2221,229
229,2091
2091,1506
1506,2222
2222,1885
1885,1804
1804,2223
2224,2218
2218,1301
2216,1602
1602,1003
1003,2169
2169,390
390,1522
1522,566
566,1144
1144,2134
2134,2225
2225,1970
131,1981
1981,378
378,1055
971,2226
2227,1777
1777,546
546,2228
2228,1640
1640,2229
2229,1387
1387,2230
2215,1115
1115,686
686,1154
1154,780
780,1676
131,2231
2231,59
59,35
35,821
821,1800
2232,2003
2003,1482
1482,865
865,431
431,2004
723,1343
1343,2233
2233,306
306,2234
2175,158
158,2235
1135,2236
2236,57
2237,2169
2169,2238
2238,2239
2239,2240
1293,348
348,2241
2241,1223
1223,39
2027,75
75,371
371,374
2242,370
370,1150
1150,1603
1603,739
739,2243
2243,23
23,142
142,2244
2244,2245
2245,1281
1553,1629
1629,2246
2246,2247
1227,2248
2248,33
33,2249
2249,689
2034,558
558,2250
2250,1568
1568,853
853,1645
1645,2251
2251,861
861,153
153,438
93,2252
2252,818
818,674
674,1153
1153,2253
2253,2254
2254,394
394,2255
2255,1895
1177,304
304,588
588,826
826,57
57,857
2256,1163
1163,2257
2257,132
132,953
953,2161
2161,2258
565,2259
677,678
678,679
679,680
680,681
681,682
1996,1997
1997,3
3,1998
1998,1671
583,517
517,1032
1032,1033
1033,1034
1034,708
2260,107
107,1
1,659
659,439
439,321
2261,1575
851,1652
1652,1300
1300,1326
1326,153
153,2262
1918,1515
1515,9
9,47
1942,1423
1423,2263
2263,134
134,518
400,541
541,1995
1553,203
203,754
754,800
800,1629
1629,2246
960,962
962,964
964,965
1748,1749
1749,2264
277,2189
2189,1471
1471,2190
2190,501
501,269
269,10
10,2265
2265,2266
2266,2267
247,56
56,415
415,2268
67,1479
1479,682
682,1417
2269,283
283,2234
2234,321
984,985
985,425
425,278
631,572
572,965
965,2270
1349,2271
2271,1075
672,673
673,674
674,242
242,676
211,541
541,1689
1689,1621
1621,2272
2272,2074
1036,1219
1219,641
641,55
55,1476
1476,298
298,1307
1307,331
65,2159
2159,2273
2273,2274
2274,134
134,1413
2166,1592
1592,98
98,1001
1001,919
2275,418
418,2276
24,345
345,2277
2277,2035
2035,2212
2212,1034
1305,85
85,1773
1773,375
1432,1434
1434,572
572,231
231,1435
2278,620
620,1633
1633,209
209,2246
607,363
363,1710
1710,530
530,2033
2033,126
2279,1752
1752,986
986,631
631,1688
138,1361
1361,379
744,7
7,2280
2280,2266
2281,1471
1471,151
151,58
58,2282
2282,2283
2283,2082
2082,993
358,1945
1945,1946
1946,153
153,720
720,100
100,1292
2277,349
349,1835
1835,1433
1433,886
886,1226
1226,2284
2284,1878
1878,176
176,2285
2285,253
253,398
398,855
855,404
404,1212
1212,2286
2286,2287
973,2155
2155,368
368,11
11,1628
787,335
335,252
252,788
788,789
789,790
1641,2288
2288,2132
488,2028
2028,2289
2289,392
392,1620
1620,165
165,1182
1182,2290
1333,2291
2291,822
822,118
118,1082
1082,1563
1563,273
273,1564
1564,224
224,2292
2292,944
944,1566
1566,1567
1567,2293
2293,2079
2079,809
1099,1100
1100,1102
1102,643
643,666
666,1105
2294,643
643,724
724,742
742,781
781,743
2295,224
224,2171
2171,1137
1137,134
134,244
244,2178
2178,827
2248,856
856,1762
2296,1014
1014,674
674,842
842,1108
1108,1709
1709,1257
2248,1442
1442,2159
2159,609
609,78
78,2297
985,1349
1349,183
183,352
322,2298
2298,2299
1833,1535
1535,146
146,540
540,2156
1833,1003
1003,2222
2222,539
539,374
374,70
70,240
240,2300
2300,1131
1003,2186
2186,1368
1368,940
940,266
266,530
530,2301
1798,524
524,2302
2303,2304
2304,434
434,1720
1720,86
86,267
267,2069
2069,290
290,340
340,1412
1412,1804
1804,1301
520,1815
1815,1127
1127,223
223,1957
1957,2305
2305,1397
1397,1961
1961,2306
2307,2308
2308,532
532,2309
2309,743
178,1914
1914,318
318,1030
1030,1680
1168,443
443,1169
1169,454
454,1172
1172,1174
1174,1152
2310,2311
2311,74
74,2312
2312,140
140,2313
2313,2314
2314,2315
1099,437
437,28
